('process', 5, 'out of total ', 9, 'started')
('port', 8050)
('training', 'hfo_game')
('population', 32)
('num_worker', 8)
('num_worker_trial', 4)
('iteration', 1, 'reward', 0.7000938018018565, 'reward_list', array([0.5, 0.3, 0.4, 0.3, 0.3, 0.4, 0.3, 0.1, 0.4, 0.3, 0.3, 0.2, 0.3,
       0.6, 0.1, 0.2, 0.4, 0.5, 0.3, 0.1, 0.5, 0.3, 0.2, 0.5, 0.3, 0.2,
       0.3, 0.4, 0.3, 0.3, 0.4, 0.7]))
('hfo_game', (1, 11, 0.33, 0.1, 0.7, 0.13, 0.09802, 86.59, 104))
('iteration', 2, 'reward', 0.8001182284974104, 'reward_list', array([0.2, 0.5, 0.5, 0.3, 0.2, 0.3, 0.4, 0.3, 0.6, 0.2, 0.6, 0.8, 0.5,
       0.3, 0.2, 0.5, 0.4, 0.2, 0.5, 0.3, 0.3, 0.2, 0.4, 0.3, 0.2, 0.3,
       0.6, 0.5, 0.1, 0.3, 0.4, 0.1]))
('hfo_game', (2, 22, 0.35, 0.1, 0.8, 0.16, 0.09627, 89.6, 112))
('iteration', 3, 'reward', 0.8001182284974104, 'reward_list', array([0.2, 0.2, 0.3, 0.2, 0.1, 0.3, 0.4, 0.4, 0.4, 0.4, 0.3, 0.2, 0.2,
       0.1, 0.6, 0.6, 0.4, 0.6, 0.4, 0.1, 0.4, 0.3, 0.1, 0.3, 0.6, 0.4,
       0.4, 0.2, 0.3, 0.3, 0.1, 0.5]))
('hfo_game', (3, 32, 0.32, 0.1, 0.6, 0.15, 0.09474, 81.21, 100))
('iteration', 4, 'reward', 0.8001182284974104, 'reward_list', array([0.2, 0.2, 0.2, 0.5, 0.6, 0.2, 0.2, 0.2, 0.4, 0.3, 0.3, 0.4, 0.2,
       0.3, 0.3, 0.3, 0.3, 0.6, 0.3, 0.6, 0.2, 0.5, 0.1, 0.3, 0.4, 0.2,
       0.2, 0.6, 0.2, 0.1, 0.6, 0.3]))
('hfo_game', (4, 41, 0.32, 0.1, 0.6, 0.15, 0.09341, 81.8, 103))
('iteration', 5, 'reward', 0.8001182284974104, 'reward_list', array([0.2, 0.1, 0. , 0.4, 0.3, 0.3, 0.3, 0.4, 0.6, 0.5, 0.3, 0.1, 0.5,
       0.4, 0.5, 0.5, 0.4, 0.4, 0.6, 0.4, 0.4, 0.4, 0.3, 0.3, 0.2, 0.4,
       0.2, 0.2, 0.3, 0.3, 0.3, 0.3]))
('hfo_game', (5, 50, 0.33, 0.0, 0.6, 0.13, 0.0922, 81.61, 103))
('iteration', 6, 'reward', 0.8001182284974104, 'reward_list', array([0.1, 0.5, 0.3, 0.2, 0.4, 0.5, 0.4, 0.4, 0.5, 0.4, 0.3, 0.3, 0.2,
       0.3, 0.2, 0.4, 0.3, 0.5, 0.3, 0.3, 0.2, 0.2, 0.3, 0.4, 0.2, 0.4,
       0.3, 0.1, 0.4, 0.3, 0.5, 0.3]))
('hfo_game', (6, 60, 0.32, 0.1, 0.5, 0.11, 0.09114, 80.12, 102))
('iteration', 7, 'reward', 0.8001182284974104, 'reward_list', array([0.2, 0.2, 0.4, 0. , 0.3, 0.3, 0.2, 0.1, 0.3, 0.3, 0.4, 0.2, 0.2,
       0.3, 0.4, 0.4, 0.1, 0.5, 0.4, 0.3, 0.4, 0.1, 0.1, 0.5, 0.5, 0.2,
       0.7, 0.2, 0.3, 0.1, 0.6, 0.2]))
('hfo_game', (7, 70, 0.29, 0.0, 0.7, 0.15, 0.09016, 82.58, 105))
('iteration', 8, 'reward', 0.8001182284974104, 'reward_list', array([0.3, 0.3, 0.6, 0.3, 0.3, 0.3, 0.4, 0.3, 0.6, 0.5, 0.6, 0.3, 0.5,
       0.3, 0.5, 0.1, 0.2, 0.4, 0.4, 0.2, 0.4, 0.3, 0.2, 0.6, 0.1, 0.1,
       0.3, 0.4, 0.6, 0.4, 0.2, 0.4]))
('hfo_game', (8, 80, 0.35, 0.1, 0.6, 0.14, 0.08922, 86.03, 100))
('iteration', 9, 'reward', 0.8001182284974104, 'reward_list', array([0.4, 0.4, 0.5, 0.3, 0.2, 0.3, 0.2, 0.4, 0.3, 0.3, 0.3, 0.6, 0.2,
       0.5, 0.3, 0.6, 0.2, 0.4, 0.4, 0.6, 0.6, 0.3, 0.1, 0.3, 0.4, 0.5,
       0.2, 0.4, 0.6, 0.4, 0.3, 0.6]))
('hfo_game', (9, 91, 0.37, 0.1, 0.6, 0.14, 0.08839, 85.63, 110))
('iteration', 10, 'reward', 0.8001182284974104, 'reward_list', array([0.1, 0.4, 0.5, 0.4, 0.6, 0.3, 0.3, 0.4, 0.1, 0.6, 0.5, 0.4, 0.4,
       0.2, 0.7, 0.5, 0.3, 0.4, 0.5, 0.3, 0.2, 0.4, 0.7, 0.4, 0.4, 0.1,
       0.5, 0.6, 0. , 0.3, 0.4, 0.4]))
('hfo_game', (10, 101, 0.38, 0.0, 0.7, 0.16, 0.08763, 81.51, 96))
('iteration', 11, 'reward', 0.8001182284974104, 'reward_list', array([0.6, 0.3, 0.5, 0.1, 0.2, 0.3, 0.5, 0.4, 0.5, 0.4, 0.4, 0.5, 0.6,
       0.4, 0.2, 0.6, 0.4, 0.5, 0.4, 0.4, 0.4, 0.4, 0.3, 0.1, 0.2, 0.4,
       0.4, 0.2, 0.4, 0.6, 0.5, 0.1]))
('hfo_game', (11, 110, 0.38, 0.1, 0.6, 0.14, 0.08694, 79.54, 102))
('iteration', 12, 'reward', 0.8001182284974104, 'reward_list', array([0.7, 0.2, 0.5, 0.1, 0.3, 0.5, 0.5, 0.5, 0.4, 0.3, 0.4, 0.4, 0.2,
       0.4, 0.4, 0.4, 0.1, 0.3, 0.5, 0.1, 0.1, 0.5, 0.5, 0.5, 0.5, 0.5,
       0.6, 0.1, 0.4, 0.3, 0.5, 0.4]))
('hfo_game', (12, 121, 0.37, 0.1, 0.7, 0.15, 0.0863, 79.71, 94))
('iteration', 13, 'reward', 0.8001182284974104, 'reward_list', array([0.1, 0.5, 0.5, 0.7, 0.2, 0.4, 0.3, 0.5, 0.7, 0.1, 0.5, 0.3, 0.2,
       0.4, 0.6, 0.1, 0.3, 0.6, 0.5, 0.2, 0.4, 0.4, 0.3, 0.6, 0.3, 0.3,
       0.5, 0.4, 0.3, 0.1, 0.5, 0.5]))
('hfo_game', (13, 131, 0.38, 0.1, 0.7, 0.16, 0.0857, 79.57, 94))
('iteration', 14, 'reward', 0.8002067540916822, 'reward_list', array([0.3, 0.5, 0.3, 0.6, 0.3, 0.6, 0.3, 0.3, 0.5, 0.5, 0.2, 0.6, 0.2,
       0.4, 0.1, 0.5, 0.1, 0.4, 0. , 0.2, 0.4, 0.3, 0.3, 0.6, 0.5, 0.4,
       0.2, 0.8, 0.3, 0.2, 0.6, 0.3]))
('hfo_game', (14, 141, 0.36, 0.0, 0.8, 0.17, 0.08518, 80.59, 98))
('iteration', 15, 'reward', 0.8002067540916822, 'reward_list', array([0.5, 0.3, 0.3, 0.1, 0.4, 0.3, 0.3, 0.3, 0.4, 0.3, 0.5, 0.1, 0.5,
       0.6, 0.3, 0.5, 0.3, 0.3, 0.3, 0.3, 0.5, 0.2, 0.3, 0.2, 0.4, 0.2,
       0.3, 0.5, 0.5, 0.3, 0.1, 0.3]))
('hfo_game', (15, 152, 0.33, 0.1, 0.6, 0.12, 0.08472, 82.0, 93))
('iteration', 16, 'reward', 0.8002359273747833, 'reward_list', array([0.3, 0.4, 0.3, 0.7, 0.3, 0.2, 0.4, 0.3, 0.1, 0.3, 0.5, 0.8, 0.3,
       0.4, 0.5, 0.4, 0.2, 0.2, 0.6, 0.3, 0.4, 0.4, 0.1, 0.5, 0.4, 0.5,
       0.1, 0.2, 0.3, 0.2, 0.7, 0.1]))
('hfo_game', (16, 162, 0.35, 0.1, 0.8, 0.17, 0.08429, 81.27, 102))
('iteration', 17, 'reward', 0.8002359273747833, 'reward_list', array([0.4, 0.6, 0.4, 0.6, 0.2, 0.2, 0.6, 0.4, 0.3, 0.4, 0. , 0.5, 0.1,
       0.2, 0.5, 0.4, 0.4, 0.4, 0.4, 0.4, 0.3, 0.2, 0.3, 0.1, 0.3, 0.3,
       0.3, 0.5, 0.7, 0.5, 0.5, 0.2]))
('hfo_game', (17, 173, 0.36, 0.0, 0.7, 0.15, 0.08393, 80.75, 102))
('iteration', 18, 'reward', 0.8002359273747833, 'reward_list', array([0.2, 0.4, 0.3, 0.4, 0.1, 0.3, 0.3, 0.3, 0.3, 0.2, 0.6, 0.3, 0.4,
       0.1, 0.2, 0.1, 0.2, 0.3, 0.4, 0.3, 0.4, 0.4, 0.3, 0.3, 0.6, 0.3,
       0.3, 0.3, 0. , 0.3, 0.4, 0.5]))
('hfo_game', (18, 184, 0.3, 0.0, 0.6, 0.12, 0.08359, 84.54, 102))
('iteration', 19, 'reward', 0.8002451173027574, 'reward_list', array([0.4, 0.2, 0.2, 0.2, 0.2, 0.3, 0.5, 0.3, 0.5, 0.4, 0.4, 0.2, 0.3,
       0.7, 0.6, 0.5, 0.1, 0.8, 0.4, 0.6, 0.3, 0.4, 0. , 0.5, 0.3, 0.5,
       0.4, 0.6, 0.3, 0.4, 0.4, 0.1]))
('hfo_game', (19, 193, 0.37, 0.0, 0.8, 0.17, 0.08329, 83.25, 99))
('iteration', 20, 'reward', 0.8002451173027574, 'reward_list', array([0.2, 0.4, 0.6, 0.3, 0.2, 0.5, 0.3, 0.3, 0.5, 0.6, 0.3, 0.3, 0.5,
       0.4, 0.3, 0.4, 0.4, 0.5, 0.7, 0.6, 0.4, 0.4, 0.2, 0.2, 0.4, 0.5,
       0.6, 0.3, 0.3, 0.3, 0. , 0.1]))
('hfo_game', (20, 203, 0.37, 0.0, 0.7, 0.15, 0.083, 79.58, 109))
('iteration', 21, 'reward', 0.8002451173027574, 'reward_list', array([0.1, 0.4, 0.2, 0.5, 0.3, 0.2, 0.6, 0.2, 0.2, 0.3, 0.2, 0.3, 0.3,
       0.7, 0.4, 0.2, 0.6, 0.6, 0.3, 0.5, 0.4, 0.4, 0.2, 0.1, 0.3, 0.5,
       0.2, 0.3, 0.2, 0.1, 0.2, 0.2]))
('hfo_game', (21, 213, 0.31, 0.1, 0.7, 0.15, 0.08276, 78.37, 92))
('iteration', 22, 'reward', 0.8002451173027574, 'reward_list', array([0.2, 0.5, 0.3, 0.5, 0.2, 0.2, 0.3, 0.3, 0.2, 0.4, 0.2, 0.3, 0.5,
       0.3, 0.4, 0.4, 0.4, 0.3, 0.2, 0.6, 0.4, 0.2, 0.4, 0.4, 0.3, 0.2,
       0.2, 0.4, 0.5, 0.5, 0.2, 0.5]))
('hfo_game', (22, 223, 0.34, 0.2, 0.6, 0.11, 0.08254, 81.59, 104))
('iteration', 23, 'reward', 0.8002451173027574, 'reward_list', array([0.4, 0.5, 0.5, 0.4, 0.3, 0.3, 0.1, 0.2, 0.6, 0.6, 0.4, 0.3, 0.3,
       0.6, 0.3, 0.6, 0.5, 0.3, 0.3, 0.6, 0.6, 0.5, 0.4, 0.6, 0.3, 0.4,
       0.3, 0.2, 0.4, 0.4, 0.3, 0.7]))
('hfo_game', (23, 232, 0.41, 0.1, 0.7, 0.14, 0.08235, 78.96, 95))
('iteration', 24, 'reward', 0.8002451173027574, 'reward_list', array([0.2, 0.3, 0.1, 0.5, 0.1, 0.7, 0. , 0.7, 0.4, 0.2, 0.4, 0.3, 0.4,
       0.3, 0.3, 0.1, 0.3, 0.4, 0.5, 0.2, 0.2, 0.2, 0.1, 0.5, 0.4, 0.2,
       0.4, 0.4, 0.4, 0.4, 0.4, 0.2]))
('hfo_game', (24, 243, 0.31, 0.0, 0.7, 0.16, 0.0822, 82.83, 110))
('iteration', 25, 'reward', 0.8002451173027574, 'reward_list', array([0.5, 0.3, 0.6, 0.2, 0.3, 0.5, 0.3, 0.5, 0.3, 0.3, 0.3, 0.3, 0.6,
       0.6, 0.3, 0.4, 0.4, 0.5, 0.5, 0.5, 0.5, 0.3, 0.4, 0.3, 0.7, 0.4,
       0.3, 0.3, 0.2, 0.4, 0.4, 0.3]))
('hfo_game', (25, 254, 0.39, 0.2, 0.7, 0.12, 0.08203, 88.04, 105))
('improvement', 25, 0.026249999999999996, 'curr', 0.35625, 'prev', 0.33, 'best', 0.35625)
('iteration', 26, 'reward', 0.8002451173027574, 'reward_list', array([0.4, 0.4, 0.2, 0.3, 0.3, 0.3, 0.6, 0.2, 0.4, 0.3, 0.2, 0.7, 0.6,
       0.5, 0.2, 0.7, 0.6, 0.5, 0.7, 0.5, 0.2, 0.3, 0.2, 0.2, 0.6, 0.4,
       0.6, 0.3, 0.3, 0. , 0.2, 0.2]))
('hfo_game', (26, 273, 0.37, 0.0, 0.7, 0.18, 0.08186, 81.2, 107))
('iteration', 27, 'reward', 0.8002451173027574, 'reward_list', array([0.4, 0.3, 0.2, 0.3, 0.5, 0.3, 0.4, 0.5, 0.7, 0.2, 0.2, 0.4, 0.5,
       0.2, 0.1, 0.6, 0.5, 0.4, 0.2, 0.5, 0.5, 0.4, 0. , 0.5, 0.6, 0.3,
       0.4, 0.5, 0.2, 0.1, 0.3, 0.5]))
('hfo_game', (27, 282, 0.36, 0.0, 0.7, 0.16, 0.08169, 81.68, 112))
('iteration', 28, 'reward', 0.8002451173027574, 'reward_list', array([0.3, 0.4, 0.4, 0.1, 0.3, 0.4, 0.4, 0.4, 0.3, 0.3, 0.3, 0.4, 0.3,
       0.1, 0.3, 0.4, 0.4, 0.2, 0.4, 0.4, 0.5, 0.4, 0.1, 0.3, 0.4, 0.3,
       0.6, 0.3, 0.3, 0.4, 0.4, 0.2]))
('hfo_game', (28, 292, 0.33, 0.1, 0.6, 0.1, 0.08156, 81.94, 103))
('iteration', 29, 'reward', 0.8002451173027574, 'reward_list', array([0.2, 0.3, 0.4, 0.1, 0.4, 0.4, 0.4, 0.1, 0.3, 0.5, 0.2, 0.4, 0.3,
       0.4, 0.2, 0.3, 0.5, 0.5, 0.5, 0.3, 0.3, 0.1, 0.6, 0.6, 0.5, 0.5,
       0.5, 0.3, 0.4, 0.4, 0.3, 0.5]))
('hfo_game', (29, 303, 0.36, 0.1, 0.6, 0.13, 0.08148, 86.42, 115))
('iteration', 30, 'reward', 0.8002451173027574, 'reward_list', array([0.4, 0.5, 0.5, 0.3, 0.4, 0.6, 0.4, 0.4, 0.2, 0.2, 0.4, 0.5, 0.4,
       0. , 0.4, 0.3, 0.4, 0.4, 0.5, 0.2, 0.3, 0.5, 0.5, 0.2, 0.2, 0.5,
       0.6, 0.5, 0.3, 0.3, 0.4, 0.3]))
('hfo_game', (30, 313, 0.37, 0.0, 0.6, 0.13, 0.08142, 78.59, 93))
('iteration', 31, 'reward', 0.8002451173027574, 'reward_list', array([0.4, 0.4, 0.3, 0.4, 0.4, 0.3, 0.3, 0.5, 0.2, 0.2, 0.4, 0.5, 0.6,
       0.2, 0.1, 0.5, 0.5, 0.4, 0.6, 0.3, 0.6, 0.3, 0.2, 0.4, 0.4, 0.2,
       0.5, 0.4, 0.5, 0.2, 0.3, 0.5]))
('hfo_game', (31, 323, 0.37, 0.1, 0.6, 0.13, 0.08141, 85.32, 95))
('iteration', 32, 'reward', 0.8003975301702748, 'reward_list', array([0.8, 0.3, 0.4, 0.1, 0.5, 0.4, 0.3, 0.3, 0.2, 0.5, 0.4, 0.4, 0.3,
       0.4, 0.3, 0.3, 0.7, 0.5, 0.4, 0.6, 0.3, 0.4, 0.4, 0.1, 0.3, 0.2,
       0.5, 0.2, 0.5, 0.4, 0.3, 0.2]))
('hfo_game', (32, 332, 0.37, 0.1, 0.8, 0.15, 0.08142, 79.06, 100))
('iteration', 33, 'reward', 0.8004117295529959, 'reward_list', array([0.1, 0.6, 0.2, 0.7, 0.2, 0.3, 0.8, 0.3, 0.3, 0.2, 0.4, 0.7, 0.2,
       0.5, 0.7, 0.3, 0.4, 0.4, 0.2, 0.3, 0.2, 0.3, 0.2, 0.6, 0.4, 0.3,
       0.4, 0.6, 0.3, 0.2, 0.3, 0.2]))
('hfo_game', (33, 344, 0.36, 0.1, 0.8, 0.18, 0.08147, 83.84, 101))
('iteration', 34, 'reward', 0.8004117295529959, 'reward_list', array([0.2, 0.3, 0.3, 0.3, 0.4, 0.5, 0.1, 0. , 0.4, 0.3, 0.5, 0.3, 0.4,
       0.4, 0.2, 0.5, 0.2, 0.4, 0.2, 0.3, 0.3, 0.6, 0.4, 0.6, 0.3, 0.4,
       0.3, 0.6, 0.5, 0.4, 0.2, 0.5]))
('hfo_game', (34, 355, 0.35, 0.0, 0.6, 0.14, 0.08157, 80.71, 106))
('iteration', 35, 'reward', 0.8004117295529959, 'reward_list', array([0.3, 0.3, 0.4, 0.8, 0.3, 0.4, 0.1, 0.7, 0.4, 0.3, 0.3, 0.2, 0.5,
       0.6, 0.2, 0.2, 0.3, 0.4, 0.1, 0.5, 0.6, 0.6, 0.1, 0.4, 0.5, 0.5,
       0.4, 0.3, 0.4, 0.5, 0. , 0.3]))
('hfo_game', (35, 365, 0.37, 0.0, 0.8, 0.17, 0.08164, 83.05, 109))
('iteration', 36, 'reward', 0.8004117295529959, 'reward_list', array([0.4, 0.3, 0.2, 0.2, 0.4, 0.4, 0.2, 0.4, 0.3, 0.3, 0.1, 0.1, 0.5,
       0.4, 0.3, 0.4, 0.5, 0.4, 0.6, 0.4, 0.4, 0.3, 0.4, 0.2, 0.5, 0.5,
       0.5, 0.4, 0.2, 0.4, 0.5, 0.4]))
('hfo_game', (36, 378, 0.35, 0.1, 0.6, 0.12, 0.08172, 86.34, 103))
('iteration', 37, 'reward', 0.8004117295529959, 'reward_list', array([0.2, 0.6, 0.5, 0.3, 0.3, 0.4, 0.6, 0.1, 0.3, 0.2, 0.4, 0.4, 0.3,
       0.5, 0.5, 0.6, 0.7, 0.3, 0.7, 0.5, 0.4, 0.2, 0.5, 0.6, 0.4, 0.4,
       0.4, 0.5, 0.3, 0.1, 0.2, 0.2]))
('hfo_game', (37, 389, 0.39, 0.1, 0.7, 0.16, 0.08182, 85.51, 113))
('iteration', 38, 'reward', 0.8004117295529959, 'reward_list', array([0.1, 0.6, 0.3, 0.7, 0.4, 0.4, 0.2, 0.5, 0.2, 0.3, 0.4, 0.3, 0.1,
       0.4, 0.1, 0.5, 0.2, 0.3, 0.7, 0.2, 0.5, 0.4, 0.1, 0.2, 0.3, 0.5,
       0.4, 0.2, 0.4, 0.5, 0.3, 0.3]))
('hfo_game', (38, 399, 0.34, 0.1, 0.7, 0.16, 0.08194, 77.68, 102))
('iteration', 39, 'reward', 0.8004117295529959, 'reward_list', array([0.4, 0.2, 0.2, 0.3, 0.5, 0.4, 0.3, 0.2, 0.4, 0.4, 0.1, 0. , 0.1,
       0.5, 0.4, 0.3, 0.4, 0.5, 0.5, 0.5, 0.6, 0.2, 0.2, 0.6, 0.5, 0.6,
       0.4, 0.4, 0.3, 0.1, 0.1, 0.4]))
('hfo_game', (39, 410, 0.34, 0.0, 0.6, 0.16, 0.08202, 89.67, 129))
('iteration', 40, 'reward', 0.8004117295529959, 'reward_list', array([0.4, 0.3, 0.1, 0.7, 0.3, 0.2, 0.5, 0.3, 0.4, 0.4, 0.4, 0.2, 0.5,
       0.3, 0.1, 0.3, 0.6, 0.5, 0.4, 0.3, 0.2, 0.3, 0.4, 0.2, 0.3, 0.1,
       0.2, 0.3, 0.7, 0.6, 0.4, 0.4]))
('hfo_game', (40, 420, 0.35, 0.1, 0.7, 0.15, 0.08212, 81.11, 98))
('iteration', 41, 'reward', 0.8004117295529959, 'reward_list', array([0.3, 0.5, 0.1, 0.2, 0.1, 0.3, 0.2, 0.4, 0.5, 0.3, 0.3, 0.5, 0.5,
       0.1, 0.4, 0.3, 0.2, 0.3, 0.6, 0.3, 0.5, 0.5, 0.2, 0.3, 0.3, 0.3,
       0.3, 0.3, 0.3, 0.2, 0.5, 0. ]))
('hfo_game', (41, 429, 0.31, 0.0, 0.6, 0.14, 0.08225, 83.59, 99))
('iteration', 42, 'reward', 0.8004117295529959, 'reward_list', array([0.5, 0.2, 0.3, 0.4, 0.5, 0.2, 0.3, 0.5, 0.5, 0.3, 0.3, 0.3, 0.3,
       0.5, 0.3, 0.4, 0.4, 0.4, 0.2, 0.5, 0.1, 0.5, 0.4, 0.5, 0.5, 0.2,
       0.4, 0.3, 0.3, 0.3, 0.3, 0.5]))
('hfo_game', (42, 439, 0.36, 0.1, 0.5, 0.11, 0.08236, 80.58, 95))
('iteration', 43, 'reward', 0.800502164234558, 'reward_list', array([0.3, 0.3, 0.3, 0.3, 0.4, 0.2, 0.3, 0.2, 0.3, 0.6, 0.2, 0.4, 0.5,
       0.3, 0.3, 0.4, 0.6, 0.4, 0.4, 0.5, 0.4, 0.2, 0.2, 0.2, 0.5, 0.5,
       0.8, 0.2, 0.4, 0.5, 0.1, 0.4]))
('hfo_game', (43, 450, 0.36, 0.1, 0.8, 0.14, 0.08248, 82.17, 103))
('iteration', 44, 'reward', 0.800502164234558, 'reward_list', array([0.3, 0.1, 0.3, 0.5, 0.4, 0.4, 0.2, 0.3, 0.3, 0.3, 0.3, 0.2, 0.6,
       0.2, 0.4, 0.6, 0.6, 0.3, 0.5, 0.4, 0.5, 0.4, 0.4, 0.3, 0.3, 0.7,
       0.6, 0.5, 0.3, 0.2, 0.2, 0.2]))
('hfo_game', (44, 459, 0.36, 0.1, 0.7, 0.14, 0.08263, 76.58, 93))
('iteration', 45, 'reward', 0.800502164234558, 'reward_list', array([0.4, 0.2, 0.4, 0.3, 0.3, 0.1, 0.4, 0.4, 0.6, 0.6, 0.5, 0.2, 0.2,
       0.5, 0.4, 0.4, 0.3, 0.1, 0.3, 0.3, 0.3, 0.4, 0.2, 0.4, 0.4, 0.1,
       0.5, 0.5, 0.4, 0.2, 0.3, 0.4]))
('hfo_game', (45, 469, 0.34, 0.1, 0.6, 0.13, 0.0828, 86.12, 104))
('iteration', 46, 'reward', 0.800502164234558, 'reward_list', array([0.4, 0.5, 0.6, 0.3, 0.4, 0.2, 0.5, 0.1, 0.3, 0.3, 0.2, 0.5, 0.4,
       0.5, 0.3, 0.4, 0.2, 0.2, 0.6, 0.3, 0.3, 0.2, 0.3, 0.2, 0.4, 0.1,
       0.4, 0.3, 0.3, 0.2, 0.5, 0.4]))
('hfo_game', (46, 480, 0.33, 0.1, 0.6, 0.13, 0.08301, 84.84, 102))
('iteration', 47, 'reward', 0.800502164234558, 'reward_list', array([0.6, 0.6, 0.6, 0.4, 0.5, 0.3, 0.2, 0.6, 0.2, 0.3, 0.4, 0.2, 0.2,
       0.6, 0.6, 0.6, 0.2, 0.5, 0.3, 0.2, 0.5, 0.1, 0.2, 0.3, 0.3, 0.1,
       0.5, 0.5, 0.6, 0.2, 0.3, 0.1]))
('hfo_game', (47, 491, 0.36, 0.1, 0.6, 0.17, 0.08325, 81.98, 105))
('iteration', 48, 'reward', 0.800502164234558, 'reward_list', array([0.5, 0.2, 0.4, 0.4, 0.4, 0.2, 0. , 0.3, 0.3, 0.2, 0.2, 0.4, 0.3,
       0.2, 0.6, 0.2, 0.5, 0.2, 0.5, 0.3, 0.4, 0.3, 0.3, 0.5, 0.5, 0.3,
       0.4, 0.1, 0.2, 0.7, 0.3, 0.4]))
('hfo_game', (48, 502, 0.33, 0.0, 0.7, 0.14, 0.08349, 86.96, 110))
('iteration', 49, 'reward', 0.800502164234558, 'reward_list', array([0.4, 0.2, 0.2, 0.2, 0.4, 0.3, 0.5, 0.2, 0.4, 0.5, 0.6, 0.5, 0.2,
       0.4, 0.3, 0.3, 0.3, 0.5, 0.3, 0.4, 0.5, 0.4, 0.3, 0.4, 0.5, 0.6,
       0.5, 0.3, 0.5, 0.4, 0.5, 0.3]))
('hfo_game', (49, 512, 0.38, 0.2, 0.6, 0.11, 0.08375, 87.24, 108))
('iteration', 50, 'reward', 0.800502164234558, 'reward_list', array([0.6, 0.2, 0.2, 0.2, 0.3, 0.1, 0.1, 0.5, 0.4, 0.2, 0.4, 0.5, 0.4,
       0.6, 0.5, 0.4, 0.4, 0.4, 0.2, 0.3, 0.1, 0.2, 0.2, 0.2, 0.4, 0.6,
       0.1, 0.5, 0.2, 0.1, 0.5, 0.4]))
('hfo_game', (50, 522, 0.32, 0.1, 0.6, 0.16, 0.08404, 82.88, 95))
('improvement', 50, 0.07812500000000006, 'curr', 0.43437500000000007, 'prev', 0.35625, 'best', 0.43437500000000007)
('iteration', 51, 'reward', 0.800502164234558, 'reward_list', array([0.2, 0.4, 0.2, 0.3, 0.5, 0.3, 0.2, 0.2, 0.3, 0.5, 0.5, 0.2, 0.4,
       0.5, 0.7, 0.5, 0.4, 0.3, 0.4, 0.4, 0.4, 0.2, 0.3, 0.2, 0.6, 0.4,
       0.5, 0.4, 0.3, 0.5, 0.6, 0.4]))
('hfo_game', (51, 541, 0.38, 0.2, 0.7, 0.13, 0.08433, 79.42, 101))
('iteration', 52, 'reward', 0.800502164234558, 'reward_list', array([0.5, 0.1, 0.4, 0.3, 0.4, 0.4, 0.5, 0.2, 0.3, 0.2, 0.3, 0.3, 0.6,
       0.1, 0.4, 0.5, 0.5, 0.3, 0.4, 0.2, 0.3, 0.6, 0.3, 0.4, 0.4, 0.5,
       0.4, 0.4, 0.7, 0.5, 0.2, 0.4]))
('hfo_game', (52, 552, 0.37, 0.1, 0.7, 0.13, 0.08464, 85.03, 98))
('iteration', 53, 'reward', 0.800502164234558, 'reward_list', array([0.2, 0.5, 0.5, 0.6, 0.2, 0.1, 0.3, 0.4, 0.7, 0.4, 0.7, 0.2, 0.3,
       0.3, 0.6, 0.3, 0.3, 0.5, 0.5, 0.5, 0.4, 0.7, 0.5, 0.1, 0.5, 0.4,
       0.5, 0.2, 0.4, 0.4, 0.6, 0.1]))
('hfo_game', (53, 562, 0.4, 0.1, 0.7, 0.17, 0.08496, 78.25, 87))
('iteration', 54, 'reward', 0.800502164234558, 'reward_list', array([0.2, 0.4, 0.5, 0.4, 0.2, 0.5, 0.4, 0.4, 0.4, 0.3, 0.4, 0.4, 0.5,
       0.2, 0.5, 0.3, 0.2, 0.4, 0.4, 0.2, 0.2, 0.3, 0.5, 0.6, 0.4, 0.5,
       0.2, 0.6, 0.3, 0.4, 0.4, 0.4]))
('hfo_game', (54, 572, 0.37, 0.2, 0.6, 0.11, 0.08527, 84.01, 100))
('iteration', 55, 'reward', 0.800502164234558, 'reward_list', array([0.4, 0.2, 0.5, 0.1, 0.4, 0.5, 0.2, 0.3, 0.4, 0.4, 0.2, 0.5, 0.4,
       0.3, 0.2, 0.2, 0.3, 0.3, 0.3, 0.3, 0.3, 0.4, 0.3, 0.6, 0.4, 0.5,
       0.3, 0.4, 0.4, 0.5, 0.4, 0.2]))
('hfo_game', (55, 583, 0.34, 0.1, 0.6, 0.11, 0.08555, 89.48, 107))
('iteration', 56, 'reward', 0.8007099020784847, 'reward_list', array([0.4, 0.2, 0.8, 0.5, 0.7, 0.3, 0.5, 0.7, 0.2, 0.3, 0.6, 0.4, 0.5,
       0.2, 0.4, 0.5, 0.6, 0.6, 0.5, 0.1, 0.6, 0.6, 0.3, 0.4, 0.2, 0.4,
       0.5, 0.5, 0.6, 0.6, 0.6, 0.5]))
('hfo_game', (56, 593, 0.46, 0.1, 0.8, 0.16, 0.08585, 84.8, 111))
('iteration', 57, 'reward', 0.8007099020784847, 'reward_list', array([0.3, 0.6, 0.3, 0.4, 0.5, 0.2, 0.6, 0.5, 0.2, 0.2, 0.2, 0.5, 0.3,
       0.1, 0.4, 0.4, 0.3, 0.2, 0.4, 0.1, 0.4, 0.4, 0.3, 0.2, 0.2, 0.5,
       0.5, 0.3, 0.3, 0.4, 0.1, 0.3]))
('hfo_game', (57, 603, 0.33, 0.1, 0.6, 0.13, 0.08607, 81.76, 97))
