Defend_Goal
4 <- action
STATE Vector of Size 33 0.642866,0.988314,-1.000000,0.833333,0.000000,-1.000000,0.382903,-0.786216,-0.890910,1.000000,-2.000000,-2.000000,-2.000000,-2.000000,-2.000000,-2.000000,-2.000000,-2.000000,-2.000000,-2.000000,-2.000000,-2.000000,-2.000000,-2.000000,-2.000000,-2.000000,-2.000000,-2.000000,-2.000000,-2.000000,-2.000000,-1.000000,1.000000,
STATE of Size 20 0.642866,0.988314,-1.000000,0.833333,0.000000,0.382903,-0.786216,1.000000,-2.000000,-2.000000,-2.000000,-2.000000,-2.000000,-2.000000,-2.000000,-2.000000,-2.000000,-2.000000,-2.000000,-2.000000,
UNUM-1.000000

Reduce_Angle_To_Goal
1 <- action
STATE Vector of Size 33 -0.659118,-0.082228,-0.261111,-0.381299,-0.684024,-1.000000,-0.853547,0.837410,-0.962476,-0.616680,-0.914178,-0.987507,-0.516010,-0.826767,0.000000,-0.000000,-0.784694,-0.166504,1.000000,-0.373343,-0.061171,3.000000,-0.137129,-0.059188,7.000000,-0.313621,-0.670956,11.000000,-2.000000,-2.000000,-2.000000,-1.000000,1.000000,
STATE of Size 20 -0.659118,-0.082228,-0.261111,-0.381299,-0.684024,-0.853547,0.837410,-0.616680,-0.516010,-0.826767,-0.784694,-0.166504,-0.373343,-0.061171,-0.137129,-0.059188,-0.313621,-0.670956,-2.000000,-2.000000,
UNUM-1.000000

Mark_Player 11
7 <- action
STATE Vector of Size 33 -0.661328,-0.341666,0.311111,-0.628055,-0.062266,-1.000000,-0.676876,0.627653,-0.911957,-0.961569,-0.904912,-0.913552,-0.952450,-0.769584,-0.475511,-0.000000,-0.466141,-0.131249,3.000000,-0.769841,-0.080214,1.000000,-0.704257,-0.366983,11.000000,-0.481017,-0.184404,7.000000,-0.166243,-0.397458,8.000000,1.000000,0.798750,
STATE of Size 20 -0.661328,-0.341666,0.311111,-0.628055,-0.062266,-0.676876,0.627653,-0.961569,-0.952450,-0.769584,-0.466141,-0.131249,-0.769841,-0.080214,-0.704257,-0.366983,-0.481017,-0.184404,-0.166243,-0.397458,
UNUM11.000000

episode: 0 , total_reward_episode: -1 , reward: -1
Go_To_Ball
2 <- action
STATE Vector of Size 33 -0.565741,-0.404476,0.316667,0.710322,-0.272512,-1.000000,-0.596843,0.661817,-0.916389,-0.787892,-1.000000,-0.952084,-0.992142,-0.692915,-0.516031,-0.052875,-0.501586,-0.163579,3.000000,-0.846028,0.020678,1.000000,-0.492798,-0.168743,7.000000,-0.166312,-0.387313,8.000000,0.011708,0.036303,11.000000,-1.000000,1.000000,
STATE of Size 20 -0.565741,-0.404476,0.316667,0.710322,-0.272512,-0.596843,0.661817,-0.787892,-0.992142,-0.692915,-0.501586,-0.163579,-0.846028,0.020678,-0.492798,-0.168743,-0.166312,-0.387313,0.011708,0.036303,
UNUM-1.000000

Defend_Goal
4 <- action
STATE Vector of Size 33 0.159030,-0.221390,0.511111,0.118553,0.102966,-1.000000,-0.247164,0.917579,-0.880805,-0.844154,-0.923584,-0.912651,-0.349979,-0.291384,0.000000,0.000000,-0.663054,0.001962,3.000000,-0.737651,0.050790,1.000000,0.221164,-0.050220,11.000000,0.574404,-0.307856,8.000000,0.356607,0.235815,7.000000,1.000000,0.698750,
STATE of Size 20 0.159030,-0.221390,0.511111,0.118553,0.102966,-0.247164,0.917579,-0.844154,-0.349979,-0.291384,-0.663054,0.001962,-0.737651,0.050790,0.221164,-0.050220,0.574404,-0.307856,0.356607,0.235815,
UNUM-1.000000

Go_To_Ball
2 <- action
STATE Vector of Size 33 -0.639562,0.109027,0.666667,-0.579934,0.411782,-1.000000,-0.829108,-0.812529,-0.910052,-0.789629,-0.910483,-0.914418,-0.727542,-0.720331,0.000000,0.000000,-0.659972,0.013853,3.000000,-0.792456,0.177049,1.000000,-0.391128,0.229833,11.000000,-0.517780,0.399873,7.000000,-2.000000,-2.000000,-2.000000,1.000000,0.333750,
STATE of Size 20 -0.639562,0.109027,0.666667,-0.579934,0.411782,-0.829108,-0.812529,-0.789629,-0.727542,-0.720331,-0.659972,0.013853,-0.792456,0.177049,-0.391128,0.229833,-0.517780,0.399873,-2.000000,-2.000000,
UNUM-1.000000

Mark_Player 7
5 <- action
STATE Vector of Size 33 -0.626562,-0.306273,-0.511111,-0.626562,-0.746519,-1.000000,-0.693233,0.664574,-0.910725,-0.848555,-0.914434,-0.910019,-0.799564,-0.778776,0.000000,-0.235955,-0.801587,-0.106952,1.000000,-0.640362,0.086479,3.000000,-0.533333,-0.151070,11.000000,-0.456270,-0.471267,8.000000,-0.593971,0.396989,7.000000,1.000000,0.068750,
STATE of Size 20 -0.626562,-0.306273,-0.511111,-0.626562,-0.746519,-0.693233,0.664574,-0.848555,-0.799564,-0.778776,-0.801587,-0.106952,-0.640362,0.086479,-0.533333,-0.151070,-0.456270,-0.471267,-0.593971,0.396989,
UNUM7.000000

episode: 1 , total_reward_episode: 1 , reward: 0
Go_To_Ball
2 <- action
STATE Vector of Size 33 -0.723531,0.102041,-0.511111,0.524841,-0.934991,-1.000000,-0.880094,-0.734368,-0.912363,-0.562561,-0.910019,-0.914293,-0.591749,-0.715894,0.000000,-0.000000,-0.640362,0.086479,3.000000,-0.793333,-0.134225,1.000000,-0.529248,-0.372967,11.000000,-0.598599,-0.838410,8.000000,-2.000000,-2.000000,-2.000000,-1.000000,1.000000,
STATE of Size 20 -0.723531,0.102041,-0.511111,0.524841,-0.934991,-0.880094,-0.734368,-0.562561,-0.591749,-0.715894,-0.640362,0.086479,-0.793333,-0.134225,-0.529248,-0.372967,-0.598599,-0.838410,-2.000000,-2.000000,
UNUM-1.000000

Go_To_Ball
2 <- action
STATE Vector of Size 33 -0.137743,0.013057,-0.433333,-0.102872,-0.385594,-1.000000,-0.489769,-0.992907,-0.892837,-0.604011,-0.894058,-0.913315,-0.609213,-0.315258,0.000000,0.000000,-0.168336,-0.008709,3.000000,-0.758382,-0.110423,1.000000,0.114842,-0.388915,7.000000,0.203276,-0.405376,11.000000,0.569453,-0.363028,8.000000,1.000000,0.623750,
STATE of Size 20 -0.137743,0.013057,-0.433333,-0.102872,-0.385594,-0.489769,-0.992907,-0.604011,-0.609213,-0.315258,-0.168336,-0.008709,-0.758382,-0.110423,0.114842,-0.388915,0.203276,-0.405376,0.569453,-0.363028,
UNUM-1.000000

Mark_Player 8
5 <- action
STATE Vector of Size 33 -0.599271,-0.331426,0.900000,-0.748615,-0.286426,-1.000000,-0.664239,0.670805,-0.910169,-0.908946,-0.910738,-0.914875,-0.873212,-0.888706,0.000000,-0.382832,-0.657849,-0.159369,3.000000,-0.807608,-0.194338,1.000000,-0.716272,-0.296419,7.000000,-0.439854,-0.240860,11.000000,0.250807,-0.407972,8.000000,1.000000,0.358750,
STATE of Size 20 -0.599271,-0.331426,0.900000,-0.748615,-0.286426,-0.664239,0.670805,-0.908946,-0.873212,-0.888706,-0.657849,-0.159369,-0.807608,-0.194338,-0.716272,-0.296419,-0.439854,-0.240860,0.250807,-0.407972,
UNUM8.000000

episode: 2 , total_reward_episode: 1 , reward: 0.333333
Mark_Player 8
5 <- action
STATE Vector of Size 33 -0.830058,-0.233523,-0.033333,0.645535,-0.685870,-1.000000,-0.796658,0.503760,-0.949592,-0.909068,-0.977101,-1.000000,-0.941616,-0.941980,0.000000,-0.377182,-0.752082,-0.185754,1.000000,-0.651058,-0.192979,3.000000,-0.706349,-0.240642,7.000000,-0.562347,-0.184327,11.000000,-0.079532,-0.727395,8.000000,-1.000000,1.000000,
STATE of Size 20 -0.830058,-0.233523,-0.033333,0.645535,-0.685870,-0.796658,0.503760,-0.909068,-0.941616,-0.941980,-0.752082,-0.185754,-0.651058,-0.192979,-0.706349,-0.240642,-0.562347,-0.184327,-0.079532,-0.727395,
UNUM8.000000

Mark_Player 7
5 <- action
STATE Vector of Size 33 -0.466607,-0.448499,-0.305556,-0.591743,-0.666626,-1.000000,-0.525847,0.691970,-0.926257,-0.793039,-0.913774,-0.912709,-0.512016,-0.256574,0.000000,0.000000,-0.773333,-0.134225,1.000000,-0.725443,0.188641,3.000000,-0.572970,-0.668668,8.000000,-0.176981,-0.529438,11.000000,0.218012,-0.304732,7.000000,-1.000000,0.998750,
STATE of Size 20 -0.466607,-0.448499,-0.305556,-0.591743,-0.666626,-0.525847,0.691970,-0.793039,-0.512016,-0.256574,-0.773333,-0.134225,-0.725443,0.188641,-0.572970,-0.668668,-0.176981,-0.529438,0.218012,-0.304732,
UNUM7.000000

Mark_Player 7
5 <- action
STATE Vector of Size 33 -0.149602,-0.235654,0.588889,-0.427602,0.086619,-1.000000,-0.458235,0.876361,-0.894474,-0.793021,-0.909922,-0.913411,-0.833985,-0.750071,-0.429500,-0.398696,-0.640117,0.020909,3.000000,-0.766061,0.052962,1.000000,-0.410613,-0.326107,8.000000,-0.414037,-0.042047,11.000000,-0.427602,0.086619,7.000000,-1.000000,0.973750,
STATE of Size 20 -0.149602,-0.235654,0.588889,-0.427602,0.086619,-0.458235,0.876361,-0.793021,-0.833985,-0.750071,-0.640117,0.020909,-0.766061,0.052962,-0.410613,-0.326107,-0.414037,-0.042047,-0.427602,0.086619,
UNUM7.000000

episode: 3 , total_reward_episode: -1 , reward: 0
Mark_Player -2
5 <- action
STATE Vector of Size 33 -0.528734,-0.261749,0.594445,-0.912517,-0.215941,-1.000000,-0.680882,0.746806,-0.907580,-0.897507,-2.000000,-2.000000,-2.000000,-2.000000,-2.000000,-2.000000,-2.000000,-2.000000,-2.000000,-2.000000,-2.000000,-2.000000,-2.000000,-2.000000,-2.000000,-2.000000,-2.000000,-2.000000,-2.000000,-2.000000,-2.000000,-1.000000,1.000000,
STATE of Size 20 -0.528734,-0.261749,0.594445,-0.912517,-0.215941,-0.680882,0.746806,-0.897507,-2.000000,-2.000000,-2.000000,-2.000000,-2.000000,-2.000000,-2.000000,-2.000000,-2.000000,-2.000000,-2.000000,-2.000000,
UNUM-2.000000

Mark_Player -2
5 <- action
STATE Vector of Size 33 -0.528734,-0.261749,0.594445,-0.912517,-0.215941,-1.000000,-0.680882,0.746806,-0.907580,-0.897507,-2.000000,-2.000000,-2.000000,-2.000000,-2.000000,-2.000000,-2.000000,-2.000000,-2.000000,-2.000000,-2.000000,-2.000000,-2.000000,-2.000000,-2.000000,-2.000000,-2.000000,-2.000000,-2.000000,-2.000000,-2.000000,-1.000000,1.000000,
STATE of Size 20 -0.528734,-0.261749,0.594445,-0.912517,-0.215941,-0.680882,0.746806,-0.897507,-2.000000,-2.000000,-2.000000,-2.000000,-2.000000,-2.000000,-2.000000,-2.000000,-2.000000,-2.000000,-2.000000,-2.000000,
UNUM-2.000000

Go_To_Ball
2 <- action
STATE Vector of Size 33 -0.527513,-0.259929,0.588889,0.695209,0.074684,-1.000000,-0.681382,0.748552,-0.907530,-0.820092,-0.928154,-0.929674,-0.691289,-0.530996,0.000000,-0.095525,-0.857002,-0.029730,1.000000,-0.809307,0.424549,3.000000,-0.438420,-0.067411,11.000000,-0.405977,0.006517,7.000000,-0.022265,-0.495812,8.000000,-1.000000,1.000000,
STATE of Size 20 -0.527513,-0.259929,0.588889,0.695209,0.074684,-0.681382,0.748552,-0.820092,-0.691289,-0.530996,-0.857002,-0.029730,-0.809307,0.424549,-0.438420,-0.067411,-0.405977,0.006517,-0.022265,-0.495812,
UNUM-2.000000

Go_To_Ball
2 <- action
STATE Vector of Size 33 0.065828,-0.298244,-0.588889,-0.048949,-0.489437,-1.000000,-0.291319,0.880581,-0.886293,-0.903359,-0.938563,-0.947394,-0.354164,-0.336012,0.000000,0.000000,-0.768242,-0.126111,1.000000,-0.735704,-0.023718,3.000000,0.046352,-0.408018,8.000000,0.336344,-0.126466,7.000000,0.580037,0.015875,11.000000,1.000000,0.698750,
STATE of Size 20 0.065828,-0.298244,-0.588889,-0.048949,-0.489437,-0.291319,0.880581,-0.903359,-0.354164,-0.336012,-0.768242,-0.126111,-0.735704,-0.023718,0.046352,-0.408018,0.336344,-0.126466,0.580037,0.015875,
UNUM-2.000000

Mark_Player 7
5 <- action
STATE Vector of Size 33 -0.616474,-0.610460,0.916667,-0.678177,-0.590349,-1.000000,-0.445195,0.592540,-0.913857,-0.957527,-0.914613,-0.969749,-0.646030,-0.758419,-0.355558,-0.209314,-0.801181,-0.169676,1.000000,-0.664096,-0.079984,3.000000,-0.660185,-0.578457,8.000000,-0.302718,-0.304043,11.000000,-0.335253,-0.063498,7.000000,1.000000,0.383750,
STATE of Size 20 -0.616474,-0.610460,0.916667,-0.678177,-0.590349,-0.445195,0.592540,-0.957527,-0.646030,-0.758419,-0.801181,-0.169676,-0.664096,-0.079984,-0.660185,-0.578457,-0.302718,-0.304043,-0.335253,-0.063498,
UNUM7.000000

episode: 4 , total_reward_episode: -1 , reward: -0.2
Go_To_Ball
2 <- action
STATE Vector of Size 33 -0.635274,-0.654328,0.394444,0.463390,0.427198,-1.000000,-0.412057,0.579457,-0.914958,-0.777600,-0.929261,-0.912423,-0.694562,-0.761296,-0.165731,-0.243509,-0.823921,-0.017067,1.000000,-0.730306,-0.002454,3.000000,-0.479747,-0.435046,8.000000,-0.394329,-0.165724,11.000000,-0.408734,-0.044935,7.000000,-1.000000,1.000000,
STATE of Size 20 -0.635274,-0.654328,0.394444,0.463390,0.427198,-0.412057,0.579457,-0.777600,-0.694562,-0.761296,-0.823921,-0.017067,-0.730306,-0.002454,-0.479747,-0.435046,-0.394329,-0.165724,-0.408734,-0.044935,
UNUM-1.000000

Go_To_Ball
2 <- action
STATE Vector of Size 33 -0.065131,-0.043671,0.361111,0.066507,0.587300,-1.000000,-0.435365,0.978548,-0.889860,-0.486454,-0.911600,-0.913061,-0.222149,-0.229561,0.000000,0.000000,-0.700067,0.012536,3.000000,-0.749750,0.100096,1.000000,0.182540,0.508021,11.000000,0.472733,0.395666,8.000000,0.672029,0.275909,7.000000,1.000000,0.598750,
STATE of Size 20 -0.065131,-0.043671,0.361111,0.066507,0.587300,-0.435365,0.978548,-0.486454,-0.222149,-0.229561,-0.700067,0.012536,-0.749750,0.100096,0.182540,0.508021,0.472733,0.395666,0.672029,0.275909,
UNUM-1.000000

Go_To_Ball
2 <- action
STATE Vector of Size 33 -0.265772,0.577376,0.944444,-0.612742,0.618447,-1.000000,-0.347343,-0.720124,-0.903633,-0.789629,-0.914636,-0.913295,-0.556842,-0.399310,0.000000,0.000000,-0.799222,0.188211,1.000000,-0.762785,-0.015898,3.000000,-0.540104,0.648016,11.000000,0.249459,0.534516,7.000000,0.182783,0.218976,8.000000,1.000000,0.308750,
STATE of Size 20 -0.265772,0.577376,0.944444,-0.612742,0.618447,-0.347343,-0.720124,-0.789629,-0.556842,-0.399310,-0.799222,0.188211,-0.762785,-0.015898,-0.540104,0.648016,0.249459,0.534516,0.182783,0.218976,
UNUM-1.000000

episode: 5 , total_reward_episode: -1 , reward: -0.333333
Defend_Goal
4 <- action
STATE Vector of Size 33 -0.649464,0.525375,-0.677778,-1.000000,-0.158648,-1.000000,-0.523099,-0.591243,-0.913547,-0.680346,-0.909179,-0.921610,-0.887422,-0.826423,-0.383234,-0.174881,-0.613051,0.057680,3.000000,-0.832081,-0.048646,1.000000,-0.525495,0.173411,11.000000,-0.286174,0.161391,7.000000,-0.596866,-0.070896,8.000000,-1.000000,1.000000,
STATE of Size 20 -0.649464,0.525375,-0.677778,-1.000000,-0.158648,-0.523099,-0.591243,-0.680346,-0.887422,-0.826423,-0.613051,0.057680,-0.832081,-0.048646,-0.525495,0.173411,-0.286174,0.161391,-0.596866,-0.070896,
UNUM-1.000000

Go_To_Ball
2 <- action
STATE Vector of Size 33 -0.656437,-0.041296,-0.394444,-0.117127,-0.215659,-1.000000,-0.865384,0.913934,-0.911332,-0.924708,-0.913044,-0.913170,-0.998298,-0.663738,0.000000,0.000000,-0.753333,-0.016310,1.000000,-0.687916,-0.399550,3.000000,-0.755151,-0.017525,8.000000,-0.039683,-0.240642,7.000000,-2.000000,-2.000000,-2.000000,1.000000,0.792885,
STATE of Size 20 -0.656437,-0.041296,-0.394444,-0.117127,-0.215659,-0.865384,0.913934,-0.924708,-0.998298,-0.663738,-0.753333,-0.016310,-0.687916,-0.399550,-0.755151,-0.017525,-0.039683,-0.240642,-2.000000,-2.000000,
UNUM-1.000000

episode: 6 , total_reward_episode: 1 , reward: -0.142857
Go_To_Ball
2 <- action
STATE Vector of Size 33 -0.750227,0.212411,0.983333,-0.894679,0.008763,-1.000000,-0.805272,-0.601326,-0.913475,-0.587184,-2.000000,-2.000000,-2.000000,-2.000000,-2.000000,-2.000000,-2.000000,-2.000000,-2.000000,-2.000000,-2.000000,-2.000000,-2.000000,-2.000000,-2.000000,-2.000000,-2.000000,-2.000000,-2.000000,-2.000000,-2.000000,-1.000000,1.000000,
STATE of Size 20 -0.750227,0.212411,0.983333,-0.894679,0.008763,-0.805272,-0.601326,-0.587184,-2.000000,-2.000000,-2.000000,-2.000000,-2.000000,-2.000000,-2.000000,-2.000000,-2.000000,-2.000000,-2.000000,-2.000000,
UNUM-1.000000

Defend_Goal
4 <- action
STATE Vector of Size 33 -0.359500,0.193728,-0.016667,0.006795,0.195962,-1.000000,-0.613743,-0.856148,-0.901739,-0.680771,-0.913035,-0.886898,-0.370352,-0.723694,0.000000,-0.002836,-0.752759,0.027422,1.000000,0.006053,-0.091417,3.000000,0.074635,0.220621,11.000000,0.552461,0.252963,7.000000,0.418225,-0.214360,8.000000,1.000000,0.821250,
STATE of Size 20 -0.359500,0.193728,-0.016667,0.006795,0.195962,-0.613743,-0.856148,-0.680771,-0.370352,-0.723694,-0.752759,0.027422,0.006053,-0.091417,0.074635,0.220621,0.552461,0.252963,0.418225,-0.214360,
UNUM-1.000000

Go_To_Ball
2 <- action
STATE Vector of Size 33 -0.652508,0.146361,0.444444,-0.480208,0.166756,-1.000000,-0.816086,-0.756328,-0.985868,-0.895533,-0.913157,-0.905366,-0.807852,-0.976783,0.000000,-0.565482,-0.755484,0.071131,1.000000,-0.478515,0.146361,3.000000,-0.510076,0.148455,11.000000,-0.117198,0.288318,7.000000,-0.057877,-0.179446,8.000000,1.000000,0.748385,
STATE of Size 20 -0.652508,0.146361,0.444444,-0.480208,0.166756,-0.816086,-0.756328,-0.895533,-0.807852,-0.976783,-0.755484,0.071131,-0.478515,0.146361,-0.510076,0.148455,-0.117198,0.288318,-0.057877,-0.179446,
UNUM-1.000000

episode: 7 , total_reward_episode: 1 , reward: 0
Go_To_Ball
2 <- action
STATE Vector of Size 33 -0.619806,-0.114453,0.033333,-0.680730,0.067551,-1.000000,-0.814391,0.819595,-0.933473,-0.755869,-2.000000,-2.000000,-2.000000,-2.000000,-2.000000,-2.000000,-2.000000,-2.000000,-2.000000,-2.000000,-2.000000,-2.000000,-2.000000,-2.000000,-2.000000,-2.000000,-2.000000,-2.000000,-2.000000,-2.000000,-2.000000,-1.000000,1.000000,
STATE of Size 20 -0.619806,-0.114453,0.033333,-0.680730,0.067551,-0.814391,0.819595,-0.755869,-2.000000,-2.000000,-2.000000,-2.000000,-2.000000,-2.000000,-2.000000,-2.000000,-2.000000,-2.000000,-2.000000,-2.000000,
UNUM-1.000000

Defend_Goal
4 <- action
STATE Vector of Size 33 0.169946,0.067720,0.327778,0.308270,0.180225,-1.000000,-0.261897,-0.974545,-0.878905,-0.743053,-0.887196,-0.913041,-0.731402,-0.183875,0.000000,0.000000,0.014984,0.189717,3.000000,-0.753333,0.000535,1.000000,0.345136,0.323289,11.000000,0.269781,-0.368287,8.000000,0.728332,0.328411,7.000000,1.000000,0.662500,
STATE of Size 20 0.169946,0.067720,0.327778,0.308270,0.180225,-0.261897,-0.974545,-0.743053,-0.731402,-0.183875,0.014984,0.189717,-0.753333,0.000535,0.345136,0.323289,0.269781,-0.368287,0.728332,0.328411,
UNUM-1.000000

Go_To_Ball
2 <- action
STATE Vector of Size 33 -0.633884,-0.081677,-0.655556,-0.422983,-0.355202,-1.000000,-0.837363,0.855947,-0.911310,-0.686164,-0.973063,-0.895437,-0.653954,-0.851183,0.000000,-0.247828,-0.757778,-0.142081,1.000000,-0.164080,-0.274668,3.000000,-0.364563,-0.361793,8.000000,-0.097432,-0.113231,11.000000,-2.000000,-2.000000,-2.000000,1.000000,0.347500,
STATE of Size 20 -0.633884,-0.081677,-0.655556,-0.422983,-0.355202,-0.837363,0.855947,-0.686164,-0.653954,-0.851183,-0.757778,-0.142081,-0.164080,-0.274668,-0.364563,-0.361793,-0.097432,-0.113231,-2.000000,-2.000000,
UNUM-1.000000

episode: 8 , total_reward_episode: -1 , reward: -0.111111
Go_To_Ball
2 <- action
STATE Vector of Size 33 -0.618816,0.042088,-0.888889,-0.931731,-0.165518,-1.000000,-0.838474,-0.927149,-0.909326,-0.878868,-0.915836,-0.914116,-0.688580,-0.547363,0.000000,0.000000,-0.861144,-0.036258,1.000000,-0.734355,-0.371362,3.000000,-0.467188,0.097270,8.000000,-0.458257,0.132826,11.000000,-0.588430,0.262283,7.000000,-1.000000,1.000000,
STATE of Size 20 -0.618816,0.042088,-0.888889,-0.931731,-0.165518,-0.838474,-0.927149,-0.878868,-0.688580,-0.547363,-0.861144,-0.036258,-0.734355,-0.371362,-0.467188,0.097270,-0.458257,0.132826,-0.588430,0.262283,
UNUM-1.000000

Defend_Goal
4 <- action
STATE Vector of Size 33 -0.052868,0.247821,0.411111,0.014408,0.427043,-1.000000,-0.388331,-0.885241,-0.890722,-0.838583,-0.913094,-0.915793,-0.344253,-0.191696,0.000000,0.000000,-0.753333,0.067914,1.000000,-0.800340,-0.374414,3.000000,0.039583,0.416064,11.000000,0.257152,-0.112630,8.000000,0.438864,0.459794,7.000000,1.000000,0.731250,
STATE of Size 20 -0.052868,0.247821,0.411111,0.014408,0.427043,-0.388331,-0.885241,-0.838583,-0.344253,-0.191696,-0.753333,0.067914,-0.800340,-0.374414,0.039583,0.416064,0.257152,-0.112630,0.438864,0.459794,
UNUM-1.000000

Go_To_Ball
2 <- action
STATE Vector of Size 33 -0.653911,0.148477,0.788889,-0.746401,0.348918,-1.000000,-0.815540,-0.752806,-0.910586,-0.815956,-0.914299,-0.909409,-0.846335,-0.880194,0.000000,-0.000000,-0.787674,0.178201,1.000000,-0.581877,0.298642,3.000000,-0.734006,0.348799,11.000000,-0.220569,0.394660,7.000000,-0.105186,-0.034304,8.000000,1.000000,0.540517,
STATE of Size 20 -0.653911,0.148477,0.788889,-0.746401,0.348918,-0.815540,-0.752806,-0.815956,-0.846335,-0.880194,-0.787674,0.178201,-0.581877,0.298642,-0.734006,0.348799,-0.220569,0.394660,-0.105186,-0.034304,
UNUM-1.000000

episode: 9 , total_reward_episode: -1 , reward: -0.2
Go_To_Ball
2 <- action
STATE Vector of Size 33 -0.651093,0.630789,-0.733333,-0.880904,-0.190604,-1.000000,-0.434749,-0.575978,-0.914993,-0.561507,-2.000000,-2.000000,-2.000000,-2.000000,-2.000000,-2.000000,-2.000000,-2.000000,-2.000000,-2.000000,-2.000000,-2.000000,-2.000000,-2.000000,-2.000000,-2.000000,-2.000000,-2.000000,-2.000000,-2.000000,-2.000000,-1.000000,1.000000,
STATE of Size 20 -0.651093,0.630789,-0.733333,-0.880904,-0.190604,-0.434749,-0.575978,-0.561507,-2.000000,-2.000000,-2.000000,-2.000000,-2.000000,-2.000000,-2.000000,-2.000000,-2.000000,-2.000000,-2.000000,-2.000000,
UNUM-1.000000

Mark_Player 11
6 <- action
STATE Vector of Size 33 0.092529,0.267219,-0.355556,0.246588,-0.177125,-1.000000,-0.282270,-0.894915,-0.884615,-0.599000,-0.878579,-0.958878,-0.923271,-0.267261,-0.000000,0.000000,0.180890,-0.110758,3.000000,-0.717293,0.018966,1.000000,0.255729,-0.172343,7.000000,0.591559,0.020872,11.000000,-2.000000,-2.000000,-2.000000,1.000000,0.626250,
STATE of Size 20 0.092529,0.267219,-0.355556,0.246588,-0.177125,-0.282270,-0.894915,-0.599000,-0.923271,-0.267261,0.180890,-0.110758,-0.717293,0.018966,0.255729,-0.172343,0.591559,0.020872,-2.000000,-2.000000,
UNUM11.000000

Defend_Goal
4 <- action
STATE Vector of Size 33 0.126565,-0.134685,-0.733333,-0.397781,-0.532329,-1.000000,-0.286367,0.947455,-0.881496,-0.809649,-0.909509,-0.914365,-0.574451,-0.519350,0.000000,-0.154828,-0.622835,-0.082983,3.000000,-0.794171,-0.150097,1.000000,-0.083429,-0.263186,11.000000,0.077127,-0.530854,8.000000,-0.357143,-0.561497,7.000000,1.000000,0.536250,
STATE of Size 20 0.126565,-0.134685,-0.733333,-0.397781,-0.532329,-0.286367,0.947455,-0.809649,-0.574451,-0.519350,-0.622835,-0.082983,-0.794171,-0.150097,-0.083429,-0.263186,0.077127,-0.530854,-0.357143,-0.561497,
UNUM11.000000

episode: 10 , total_reward_episode: -1 , reward: -0.272727
Go_To_Ball
2 <- action
STATE Vector of Size 33 -0.788114,0.307503,0.738889,-0.939331,0.228514,-1.000000,-0.730213,-0.539224,-0.914998,-0.398039,-2.000000,-2.000000,-2.000000,-2.000000,-2.000000,-2.000000,-2.000000,-2.000000,-2.000000,-2.000000,-2.000000,-2.000000,-2.000000,-2.000000,-2.000000,-2.000000,-2.000000,-2.000000,-2.000000,-2.000000,-2.000000,-1.000000,1.000000,
STATE of Size 20 -0.788114,0.307503,0.738889,-0.939331,0.228514,-0.730213,-0.539224,-0.398039,-2.000000,-2.000000,-2.000000,-2.000000,-2.000000,-2.000000,-2.000000,-2.000000,-2.000000,-2.000000,-2.000000,-2.000000,
UNUM-1.000000

Mark_Player 11
6 <- action
STATE Vector of Size 33 -0.082811,0.084372,0.183333,0.064995,0.238103,-1.000000,-0.444731,-0.957764,-0.890728,-0.809649,-0.888597,-0.913044,-0.861515,-0.327548,-0.000000,0.000000,-0.028621,0.122669,3.000000,-0.753333,-0.016310,1.000000,0.118911,0.221954,7.000000,0.483879,-0.228595,11.000000,0.546208,-0.229724,8.000000,1.000000,0.690000,
STATE of Size 20 -0.082811,0.084372,0.183333,0.064995,0.238103,-0.444731,-0.957764,-0.809649,-0.861515,-0.327548,-0.028621,0.122669,-0.753333,-0.016310,0.118911,0.221954,0.483879,-0.228595,0.546208,-0.229724,
UNUM11.000000

Go_To_Ball
2 <- action
STATE Vector of Size 33 -0.020381,0.111807,0.800000,-0.523473,0.442859,-1.000000,-0.395934,-0.948477,-0.888175,-0.848807,-0.910581,-0.924761,-0.656142,-0.652892,-0.216860,-0.289726,-0.658328,0.108189,3.000000,-0.797160,0.196738,1.000000,-0.196925,0.201491,11.000000,-0.200713,0.022093,8.000000,-0.527931,0.524621,7.000000,1.000000,0.700000,
STATE of Size 20 -0.020381,0.111807,0.800000,-0.523473,0.442859,-0.395934,-0.948477,-0.848807,-0.656142,-0.652892,-0.658328,0.108189,-0.797160,0.196738,-0.196925,0.201491,-0.200713,0.022093,-0.527931,0.524621,
UNUM11.000000

episode: 11 , total_reward_episode: -1 , reward: -0.333333
