Move
0 <- action
STATE Vector of Size 33 1.000000,1.000000,0.000000,0.833333,0.000000,-1.000000,1.000000,-0.750000,-1.000000,1.000000,-2.000000,-2.000000,-2.000000,-2.000000,-2.000000,-2.000000,-2.000000,-2.000000,-2.000000,-2.000000,-2.000000,-2.000000,-2.000000,-2.000000,-2.000000,-2.000000,-2.000000,-2.000000,-2.000000,-2.000000,-2.000000,-1.000000,1.000000,
STATE of Size 20 1.000000,1.000000,0.000000,0.833333,0.000000,1.000000,-0.750000,1.000000,-2.000000,-2.000000,-2.000000,-2.000000,-2.000000,-2.000000,-2.000000,-2.000000,-2.000000,-2.000000,-2.000000,-2.000000,
UNUM-1.000000

Mark_Player 11
6 <- action
STATE Vector of Size 33 -0.367262,-0.063187,-0.922222,-0.400584,-0.715569,-1.000000,-0.653812,0.949198,-0.963961,-0.770768,-0.972014,-0.914520,-0.556329,-0.452904,0.000000,0.000000,-0.659458,-0.079374,2.000000,-0.797381,-0.170745,1.000000,-0.054686,-0.065357,7.000000,-0.319733,-0.653417,11.000000,0.459665,-0.661170,8.000000,1.000000,0.821125,
STATE of Size 20 -0.367262,-0.063187,-0.922222,-0.400584,-0.715569,-0.653812,0.949198,-0.770768,-0.556329,-0.452904,-0.659458,-0.079374,-0.797381,-0.170745,-0.054686,-0.065357,-0.319733,-0.653417,0.459665,-0.661170,
UNUM11.000000

Mark_Player 7
7 <- action
STATE Vector of Size 33 -0.459327,-0.128127,-0.722222,-0.628055,-0.062266,-1.000000,-0.703906,0.877035,-0.904683,-0.948123,-0.913552,-0.911747,-0.768664,-0.946796,0.000000,-0.418698,-0.769841,-0.080214,1.000000,-0.654514,-0.338544,2.000000,-0.480009,-0.185104,7.000000,-0.713372,-0.374270,11.000000,-0.167105,-0.410494,8.000000,1.000000,0.945000,
STATE of Size 20 -0.459327,-0.128127,-0.722222,-0.628055,-0.062266,-0.703906,0.877035,-0.948123,-0.768664,-0.946796,-0.769841,-0.080214,-0.654514,-0.338544,-0.480009,-0.185104,-0.713372,-0.374270,-0.167105,-0.410494,
UNUM7.000000

episode: 0 , total_reward_episode: -1 , reward: -1
Defend_Goal
4 <- action
STATE Vector of Size 33 -0.767269,-0.314029,-0.722222,-0.982429,0.243039,-1.000000,-0.722317,0.555822,-0.931370,-0.932111,-0.910393,-0.914031,-0.954639,-0.717125,-0.508957,0.000000,-0.618307,-0.292771,2.000000,-0.790031,0.045215,1.000000,-0.679922,-0.288195,11.000000,-0.458675,-0.121105,7.000000,-0.172438,-0.394146,8.000000,-1.000000,1.000000,
STATE of Size 20 -0.767269,-0.314029,-0.722222,-0.982429,0.243039,-0.722317,0.555822,-0.932111,-0.954639,-0.717125,-0.618307,-0.292771,-0.790031,0.045215,-0.679922,-0.288195,-0.458675,-0.121105,-0.172438,-0.394146,
UNUM-1.000000

No-op
3 <- action
STATE Vector of Size 33 -0.659519,0.007884,0.350000,0.108419,0.121931,-1.000000,-0.872350,-0.982874,-0.914276,-0.368012,-0.913055,-0.880687,-0.297275,-0.856914,0.000000,-0.000000,-0.753333,0.034225,1.000000,0.160097,-0.216414,2.000000,0.198996,-0.055377,11.000000,0.352304,0.252249,7.000000,-2.000000,-2.000000,-2.000000,1.000000,0.997828,
STATE of Size 20 -0.659519,0.007884,0.350000,0.108419,0.121931,-0.872350,-0.982874,-0.368012,-0.297275,-0.856914,-0.753333,0.034225,0.160097,-0.216414,0.198996,-0.055377,0.352304,0.252249,-2.000000,-2.000000,
UNUM-1.000000

Move
0 <- action
STATE Vector of Size 33 -0.658605,0.014106,0.344444,-0.560616,0.403706,-1.000000,-0.871277,-0.969583,-0.926197,-0.716329,-0.909749,-0.914535,-0.775101,-0.724902,0.000000,0.000000,-0.630150,0.096052,2.000000,-0.796695,0.179144,1.000000,-0.365829,0.227034,11.000000,-0.523788,0.395922,7.000000,-0.187442,-0.020613,8.000000,-1.000000,1.000000,
STATE of Size 20 -0.658605,0.014106,0.344444,-0.560616,0.403706,-0.871277,-0.969583,-0.716329,-0.775101,-0.724902,-0.630150,0.096052,-0.796695,0.179144,-0.365829,0.227034,-0.523788,0.395922,-0.187442,-0.020613,
UNUM-1.000000

Defend_Goal
4 <- action
STATE Vector of Size 33 -0.591454,-0.043199,-0.516667,-0.638204,-0.771985,-1.000000,-0.818676,0.933487,-0.908528,-0.886125,-0.914010,-0.910630,-0.816632,-0.875982,0.000000,-0.266232,-0.783426,-0.124969,1.000000,-0.628480,-0.286481,2.000000,-0.538184,-0.166049,11.000000,-0.378829,0.082196,7.000000,-0.444859,-0.463974,8.000000,-1.000000,0.986500,
STATE of Size 20 -0.591454,-0.043199,-0.516667,-0.638204,-0.771985,-0.818676,0.933487,-0.886125,-0.816632,-0.875982,-0.783426,-0.124969,-0.628480,-0.286481,-0.538184,-0.166049,-0.378829,0.082196,-0.444859,-0.463974,
UNUM-1.000000

episode: 1 , total_reward_episode: 1 , reward: 0
Move
0 <- action
STATE Vector of Size 33 -0.674530,-0.014310,-0.816667,0.568182,-0.594488,-1.000000,-0.882879,0.966073,-0.910892,-0.764820,-0.914402,-0.914130,-0.735340,-0.926186,0.000000,-0.000000,-0.796806,-0.140523,1.000000,-0.629123,-0.316526,2.000000,-0.361470,0.044289,7.000000,-0.537826,-0.352221,11.000000,-0.608897,-0.844478,8.000000,-1.000000,1.000000,
STATE of Size 20 -0.674530,-0.014310,-0.816667,0.568182,-0.594488,-0.882879,0.966073,-0.764820,-0.735340,-0.926186,-0.796806,-0.140523,-0.629123,-0.316526,-0.361470,0.044289,-0.537826,-0.352221,-0.608897,-0.844478,
UNUM-1.000000

Defend_Goal
4 <- action
STATE Vector of Size 33 -0.184044,-0.013329,-0.933333,-0.093799,-0.404361,-1.000000,-0.523710,0.992244,-0.894678,-0.624601,-0.892792,-0.912093,-0.616634,-0.378080,-0.000000,0.000000,-0.136601,0.014651,2.000000,-0.714638,-0.089414,1.000000,0.051186,-0.396260,7.000000,0.193410,-0.381789,11.000000,-2.000000,-2.000000,-2.000000,1.000000,0.851500,
STATE of Size 20 -0.184044,-0.013329,-0.933333,-0.093799,-0.404361,-0.523710,0.992244,-0.624601,-0.616634,-0.378080,-0.136601,0.014651,-0.714638,-0.089414,0.051186,-0.396260,0.193410,-0.381789,-2.000000,-2.000000,
UNUM-1.000000

Defend_Goal
4 <- action
STATE Vector of Size 33 -0.657816,-0.160507,-0.588889,-0.760087,-0.279064,-1.000000,-0.810005,0.736919,-0.910742,-0.872404,-0.914943,-0.909698,-0.896695,-0.884574,0.000000,-0.047014,-0.810575,-0.192585,1.000000,-0.583073,-0.329585,2.000000,-0.734090,-0.292221,7.000000,-0.422712,-0.258159,11.000000,-0.118066,-0.386437,8.000000,-1.000000,0.783415,
STATE of Size 20 -0.657816,-0.160507,-0.588889,-0.760087,-0.279064,-0.810005,0.736919,-0.872404,-0.896695,-0.884574,-0.810575,-0.192585,-0.583073,-0.329585,-0.734090,-0.292221,-0.422712,-0.258159,-0.118066,-0.386437,
UNUM-1.000000

episode: 2 , total_reward_episode: 1 , reward: 0.333333
Defend_Goal
4 <- action
STATE Vector of Size 33 -0.749460,0.293253,-0.583333,-0.729065,-0.257961,-1.000000,-0.737362,-0.575244,-0.913919,-0.559740,-0.915145,-1.000000,-0.770361,-0.914772,0.000000,-0.400892,-0.834225,0.006913,1.000000,-0.827266,-0.240456,2.000000,-0.555306,-0.185216,11.000000,-0.711188,-0.235617,7.000000,-0.295811,-0.302363,8.000000,-1.000000,1.000000,
STATE of Size 20 -0.749460,0.293253,-0.583333,-0.729065,-0.257961,-0.737362,-0.575244,-0.559740,-0.770361,-0.914772,-0.834225,0.006913,-0.827266,-0.240456,-0.555306,-0.185216,-0.711188,-0.235617,-0.295811,-0.302363,
UNUM-1.000000

Defend_Goal
4 <- action
STATE Vector of Size 33 -0.655688,-0.091565,-0.350000,-0.596493,-0.682728,-1.000000,-0.847266,0.825190,-0.910465,-0.493125,-0.913858,-0.913265,-0.507792,-0.790140,0.000000,-0.000000,-0.777079,-0.129520,1.000000,-0.465941,-0.450021,2.000000,-0.581864,-0.670385,8.000000,-0.133403,-0.562817,11.000000,0.168450,-0.303781,7.000000,-1.000000,0.964702,
STATE of Size 20 -0.655688,-0.091565,-0.350000,-0.596493,-0.682728,-0.847266,0.825190,-0.493125,-0.507792,-0.790140,-0.777079,-0.129520,-0.465941,-0.450021,-0.581864,-0.670385,-0.133403,-0.562817,0.168450,-0.303781,
UNUM-1.000000

Defend_Goal
4 <- action
STATE Vector of Size 33 -0.653361,0.035558,0.438889,-0.425471,0.083414,-1.000000,-0.864436,-0.926657,-0.910309,-0.827763,-0.931288,-0.895099,-0.760758,-0.776056,0.000000,-0.484074,-0.747399,0.049524,1.000000,-0.166782,-0.231673,2.000000,-0.422062,0.069908,7.000000,-0.408612,-0.074615,11.000000,-0.683385,-0.501403,8.000000,-1.000000,0.937073,
STATE of Size 20 -0.653361,0.035558,0.438889,-0.425471,0.083414,-0.864436,-0.926657,-0.827763,-0.760758,-0.776056,-0.747399,0.049524,-0.166782,-0.231673,-0.422062,0.069908,-0.408612,-0.074615,-0.683385,-0.501403,
UNUM-1.000000

episode: 3 , total_reward_episode: -1 , reward: 0
Move
0 <- action
STATE Vector of Size 33 -0.805382,0.419481,-0.500000,-0.948582,-0.237316,-1.000000,-0.634185,-0.517845,-0.916293,-0.599826,-0.915502,-0.907500,-0.718788,-0.828143,0.000000,-0.395895,-0.848031,-0.028120,1.000000,-0.524809,-0.266817,2.000000,-0.424753,0.090146,7.000000,-0.468657,-0.075188,11.000000,0.049712,-0.536256,8.000000,-1.000000,1.000000,
STATE of Size 20 -0.805382,0.419481,-0.500000,-0.948582,-0.237316,-0.634185,-0.517845,-0.599826,-0.718788,-0.828143,-0.848031,-0.028120,-0.524809,-0.266817,-0.424753,0.090146,-0.468657,-0.075188,0.049712,-0.536256,
UNUM-1.000000

Defend_Goal
4 <- action
STATE Vector of Size 33 -0.735974,-0.033580,0.016667,-0.030033,-0.449906,-1.000000,-0.922848,0.876281,-0.946802,-0.301545,-0.982375,-0.884517,-0.324916,-0.846020,-0.000000,-0.000000,-0.754947,-0.128843,1.000000,0.088164,-0.245796,2.000000,0.097040,-0.422485,8.000000,0.312619,-0.110847,7.000000,0.427150,-0.050679,11.000000,1.000000,0.715375,
STATE of Size 20 -0.735974,-0.033580,0.016667,-0.030033,-0.449906,-0.922848,0.876281,-0.301545,-0.324916,-0.846020,-0.754947,-0.128843,0.088164,-0.245796,0.097040,-0.422485,0.312619,-0.110847,0.427150,-0.050679,
UNUM-1.000000

Defend_Goal
4 <- action
STATE Vector of Size 33 -0.658197,-0.102694,-0.155556,-0.668240,-0.589674,-1.000000,-0.843506,0.806415,-0.914275,-0.767505,-0.914699,-0.912122,-0.647834,-0.900754,0.000000,-0.398165,-0.802231,-0.184741,1.000000,-0.535230,-0.630924,2.000000,-0.345064,-0.060922,7.000000,-0.181885,-0.285785,11.000000,-0.656343,-0.580062,8.000000,-1.000000,0.932375,
STATE of Size 20 -0.658197,-0.102694,-0.155556,-0.668240,-0.589674,-0.843506,0.806415,-0.767505,-0.647834,-0.900754,-0.802231,-0.184741,-0.535230,-0.630924,-0.345064,-0.060922,-0.181885,-0.285785,-0.656343,-0.580062,
UNUM-1.000000

episode: 4 , total_reward_episode: -1 , reward: -0.2
No-op
3 <- action
STATE Vector of Size 33 -0.731923,0.010101,0.505556,-0.997893,0.155308,-1.000000,-0.925114,-0.962531,-0.912468,-0.752801,-2.000000,-2.000000,-2.000000,-2.000000,-2.000000,-2.000000,-2.000000,-2.000000,-2.000000,-2.000000,-2.000000,-2.000000,-2.000000,-2.000000,-2.000000,-2.000000,-2.000000,-2.000000,-2.000000,-2.000000,-2.000000,-1.000000,1.000000,
STATE of Size 20 -0.731923,0.010101,0.505556,-0.997893,0.155308,-0.925114,-0.962531,-0.752801,-2.000000,-2.000000,-2.000000,-2.000000,-2.000000,-2.000000,-2.000000,-2.000000,-2.000000,-2.000000,-2.000000,-2.000000,
UNUM-1.000000

No-op
3 <- action
STATE Vector of Size 33 -0.731586,0.010336,0.505556,0.085533,0.620886,-1.000000,-0.924844,-0.961794,-0.912459,-0.201773,-0.913487,-0.891132,-0.217864,-0.483855,-0.000000,-0.000000,-0.766061,0.097418,1.000000,-0.095582,-0.036529,2.000000,0.182540,0.508021,11.000000,-2.000000,-2.000000,-2.000000,-2.000000,-2.000000,-2.000000,-1.000000,1.000000,
STATE of Size 20 -0.731586,0.010336,0.505556,0.085533,0.620886,-0.924844,-0.961794,-0.201773,-0.217864,-0.483855,-0.766061,0.097418,-0.095582,-0.036529,0.182540,0.508021,-2.000000,-2.000000,-2.000000,-2.000000,
UNUM-1.000000

Move
0 <- action
STATE Vector of Size 33 -0.731868,0.014845,0.500000,-0.617531,0.646395,-1.000000,-0.924477,-0.945252,-0.912468,-0.616680,-0.914510,-0.903706,-0.568769,-0.785194,0.000000,-0.310243,-0.795560,0.180331,1.000000,-0.247022,0.610139,2.000000,-0.217104,0.091293,8.000000,-0.538591,0.633750,11.000000,0.074469,0.584707,7.000000,-1.000000,1.000000,
STATE of Size 20 -0.731868,0.014845,0.500000,-0.617531,0.646395,-0.924477,-0.945252,-0.616680,-0.568769,-0.785194,-0.795560,0.180331,-0.247022,0.610139,-0.217104,0.091293,-0.538591,0.633750,0.074469,0.584707,
UNUM-1.000000

episode: 5 , total_reward_episode: -1 , reward: -0.333333
Mark_Player 7
5 <- action
STATE Vector of Size 33 -0.794930,-0.445930,0.816667,-1.000000,-0.168835,-1.000000,-0.610711,0.523048,-0.916281,-0.664342,-0.937148,-0.913318,-0.876020,-0.979722,-0.388072,-0.517359,-0.689861,0.278215,1.000000,-0.510821,0.264980,2.000000,-0.602966,-0.095966,8.000000,-0.525408,0.245195,11.000000,-0.241539,0.212130,7.000000,-1.000000,1.000000,
STATE of Size 20 -0.794930,-0.445930,0.816667,-1.000000,-0.168835,-0.610711,0.523048,-0.664342,-0.876020,-0.979722,-0.689861,0.278215,-0.510821,0.264980,-0.602966,-0.095966,-0.525408,0.245195,-0.241539,0.212130,
UNUM7.000000

Go_To_Ball
2 <- action
STATE Vector of Size 33 -0.691082,-0.404516,0.005556,-0.095053,-0.211815,-1.000000,-0.632666,0.591658,-0.913299,-0.501449,-0.914741,-0.913125,-0.512122,-0.437420,-0.000000,0.000000,-0.662839,-0.044418,2.000000,-0.756422,-0.010290,1.000000,-0.039683,-0.240642,7.000000,0.415284,-0.101745,11.000000,-2.000000,-2.000000,-2.000000,-1.000000,1.000000,
STATE of Size 20 -0.691082,-0.404516,0.005556,-0.095053,-0.211815,-0.632666,0.591658,-0.501449,-0.512122,-0.437420,-0.662839,-0.044418,-0.756422,-0.010290,-0.039683,-0.240642,0.415284,-0.101745,-2.000000,-2.000000,
UNUM7.000000

episode: 6 , total_reward_episode: 1 , reward: -0.142857
Go_To_Ball
2 <- action
STATE Vector of Size 33 -0.616597,-0.382245,0.905556,-0.871007,0.002384,-1.000000,-0.631176,0.641819,-0.911108,-0.736116,-1.000000,-0.915438,-0.971726,-0.636622,0.000000,0.000000,-0.425898,-0.156159,2.000000,-0.845735,0.013445,1.000000,-0.388665,-0.147726,7.000000,0.165174,-0.377591,8.000000,0.145646,-0.149645,11.000000,-1.000000,1.000000,
STATE of Size 20 -0.616597,-0.382245,0.905556,-0.871007,0.002384,-0.631176,0.641819,-0.736116,-0.971726,-0.636622,-0.425898,-0.156159,-0.845735,0.013445,-0.388665,-0.147726,0.165174,-0.377591,0.145646,-0.149645,
UNUM-1.000000

Go_To_Ball
2 <- action
STATE Vector of Size 33 -0.006347,-0.057698,0.416667,-0.006540,0.205717,-1.000000,-0.391461,0.973692,-0.887327,-0.766795,-0.914582,-0.913721,-0.685080,-0.366903,0.000000,0.000000,-0.368658,0.198357,2.000000,-0.778542,0.033706,1.000000,0.060721,0.204115,11.000000,0.475583,-0.251666,8.000000,0.627609,0.248672,7.000000,1.000000,0.703750,
STATE of Size 20 -0.006347,-0.057698,0.416667,-0.006540,0.205717,-0.391461,0.973692,-0.766795,-0.685080,-0.366903,-0.368658,0.198357,-0.778542,0.033706,0.060721,0.204115,0.475583,-0.251666,0.627609,0.248672,
UNUM-1.000000

Go_To_Ball
2 <- action
STATE Vector of Size 33 -0.486206,0.146335,0.777778,-0.482689,0.165039,1.000000,-0.715332,-0.852284,-0.905607,-0.985862,-0.910897,-0.913210,-0.872065,-0.801555,0.000000,0.000000,-0.670305,0.100898,2.000000,-0.757757,0.066542,1.000000,-0.505297,0.148595,11.000000,-0.111124,0.285907,7.000000,-0.122457,-0.147893,8.000000,1.000000,0.538750,
STATE of Size 20 -0.486206,0.146335,0.777778,-0.482689,0.165039,-0.715332,-0.852284,-0.985862,-0.872065,-0.801555,-0.670305,0.100898,-0.757757,0.066542,-0.505297,0.148595,-0.111124,0.285907,-0.122457,-0.147893,
UNUM-1.000000

episode: 7 , total_reward_episode: 1 , reward: 0
Go_To_Ball
2 <- action
STATE Vector of Size 33 -0.813840,0.133812,-0.838889,-0.733307,0.042418,-1.000000,-0.882617,-0.538861,-0.927520,-0.772245,-0.912708,-0.910897,-0.818251,-0.871116,-0.000000,-0.000000,-0.738095,0.080214,1.000000,-0.670305,0.100898,2.000000,-0.503731,0.148101,11.000000,-0.140072,0.285462,7.000000,-0.150928,-0.137413,8.000000,-1.000000,1.000000,
STATE of Size 20 -0.813840,0.133812,-0.838889,-0.733307,0.042418,-0.882617,-0.538861,-0.772245,-0.818251,-0.871116,-0.738095,0.080214,-0.670305,0.100898,-0.503731,0.148101,-0.140072,0.285462,-0.150928,-0.137413,
UNUM-1.000000

Go_To_Ball
2 <- action
STATE Vector of Size 33 0.079190,0.198805,0.105556,0.313792,0.169708,-1.000000,-0.308786,-0.919429,-0.884366,-0.765977,-0.876918,-0.913041,-0.736661,-0.203300,-0.000000,0.000000,0.206667,0.051069,2.000000,-0.753333,0.000535,1.000000,0.361638,0.323902,11.000000,0.269414,-0.308067,8.000000,0.738330,0.318022,7.000000,1.000000,0.612500,
STATE of Size 20 0.079190,0.198805,0.105556,0.313792,0.169708,-0.308786,-0.919429,-0.765977,-0.736661,-0.203300,0.206667,0.051069,-0.753333,0.000535,0.361638,0.323902,0.269414,-0.308067,0.738330,0.318022,
UNUM-1.000000

Go_To_Ball
2 <- action
STATE Vector of Size 33 -0.167419,-0.267495,-0.833333,-0.419118,-0.361437,-1.000000,-0.458961,0.858344,-0.895485,-0.854302,-0.909113,-0.965706,-0.695611,-0.645417,0.000000,0.000000,-0.610193,-0.067882,2.000000,-0.768022,-0.126572,1.000000,-0.107866,-0.107854,11.000000,-0.362571,-0.348452,8.000000,0.547729,0.271595,7.000000,1.000000,0.397500,
STATE of Size 20 -0.167419,-0.267495,-0.833333,-0.419118,-0.361437,-0.458961,0.858344,-0.854302,-0.695611,-0.645417,-0.610193,-0.067882,-0.768022,-0.126572,-0.107866,-0.107854,-0.362571,-0.348452,0.547729,0.271595,
UNUM-1.000000

episode: 8 , total_reward_episode: -1 , reward: -0.111111
Mark_Player 7
5 <- action
STATE Vector of Size 33 -0.802739,-0.384717,-0.938889,-0.934778,-0.166448,-1.000000,-0.664279,0.521289,-0.915934,-0.592267,-0.915674,-0.909463,-0.706904,-0.882371,0.000000,0.000000,-0.854893,-0.026960,1.000000,-0.623963,0.028979,2.000000,-0.341228,-0.123569,8.000000,-0.477881,0.084777,11.000000,-0.557864,0.199144,7.000000,-1.000000,1.000000,
STATE of Size 20 -0.802739,-0.384717,-0.938889,-0.934778,-0.166448,-0.664279,0.521289,-0.592267,-0.706904,-0.882371,-0.854893,-0.026960,-0.623963,0.028979,-0.341228,-0.123569,-0.477881,0.084777,-0.557864,0.199144,
UNUM7.000000

Go_To_Ball
2 <- action
STATE Vector of Size 33 -0.750075,-0.287911,0.361111,-0.028511,0.425191,-1.000000,-0.741989,0.576047,-0.913900,-0.230787,-0.913214,-0.891408,-0.230048,-0.668233,-0.000000,0.000000,-0.757563,0.072574,1.000000,-0.071429,0.240642,2.000000,0.275132,-0.086974,8.000000,0.326667,0.421658,11.000000,-2.000000,-2.000000,-2.000000,-1.000000,1.000000,
STATE of Size 20 -0.750075,-0.287911,0.361111,-0.028511,0.425191,-0.741989,0.576047,-0.230787,-0.230048,-0.668233,-0.757563,0.072574,-0.071429,0.240642,0.275132,-0.086974,0.326667,0.421658,-2.000000,-2.000000,
UNUM7.000000

Go_To_Ball
2 <- action
STATE Vector of Size 33 -0.586521,0.300668,0.794444,-0.755527,0.340608,-1.000000,-0.681733,-0.692551,-0.909557,-0.890111,-0.909523,-0.913874,-0.769557,-0.836915,0.000000,0.000000,-0.620434,0.115358,2.000000,-0.769841,0.187166,1.000000,-0.713065,0.368263,11.000000,-0.218244,0.401452,7.000000,-0.266832,0.015966,8.000000,1.000000,0.698750,
STATE of Size 20 -0.586521,0.300668,0.794444,-0.755527,0.340608,-0.681733,-0.692551,-0.890111,-0.769557,-0.836915,-0.620434,0.115358,-0.769841,0.187166,-0.713065,0.368263,-0.218244,0.401452,-0.266832,0.015966,
UNUM7.000000

episode: 9 , total_reward_episode: -1 , reward: -0.2
Go_To_Ball
2 <- action
STATE Vector of Size 33 -0.577985,-0.371725,-0.644444,-0.894547,-0.186349,-1.000000,-0.626074,0.666956,-0.909940,-0.779081,-2.000000,-2.000000,-2.000000,-2.000000,-2.000000,-2.000000,-2.000000,-2.000000,-2.000000,-2.000000,-2.000000,-2.000000,-2.000000,-2.000000,-2.000000,-2.000000,-2.000000,-2.000000,-2.000000,-2.000000,-2.000000,-1.000000,1.000000,
STATE of Size 20 -0.577985,-0.371725,-0.644444,-0.894547,-0.186349,-0.626074,0.666956,-0.779081,-2.000000,-2.000000,-2.000000,-2.000000,-2.000000,-2.000000,-2.000000,-2.000000,-2.000000,-2.000000,-2.000000,-2.000000,
UNUM-1.000000

Defend_Goal
4 <- action
STATE Vector of Size 33 0.175640,-0.128749,-0.133333,0.252149,-0.199998,-1.000000,-0.251637,0.952138,-0.878983,-0.936638,-0.886213,-0.947638,-0.564941,-0.245273,0.000000,0.000000,0.073506,0.314563,2.000000,-0.757736,0.003153,1.000000,0.252625,-0.161787,7.000000,0.531354,-0.364336,8.000000,0.598623,0.032398,11.000000,1.000000,0.665000,
STATE of Size 20 0.175640,-0.128749,-0.133333,0.252149,-0.199998,-0.251637,0.952138,-0.936638,-0.564941,-0.245273,0.073506,0.314563,-0.757736,0.003153,0.252625,-0.161787,0.531354,-0.364336,0.598623,0.032398,
UNUM-1.000000

Go_To_Ball
2 <- action
STATE Vector of Size 33 -0.643366,-0.089488,-0.838889,-0.377159,-0.571073,-1.000000,-0.840380,0.837675,-0.910111,-0.538525,-0.914077,-0.872896,-0.526409,-0.284316,0.000000,-0.000000,-0.782734,-0.152396,1.000000,0.280490,0.060770,2.000000,-0.357143,-0.561497,7.000000,-2.000000,-2.000000,-2.000000,-2.000000,-2.000000,-2.000000,1.000000,0.325000,
STATE of Size 20 -0.643366,-0.089488,-0.838889,-0.377159,-0.571073,-0.840380,0.837675,-0.538525,-0.526409,-0.284316,-0.782734,-0.152396,0.280490,0.060770,-0.357143,-0.561497,-2.000000,-2.000000,-2.000000,-2.000000,
UNUM-1.000000

episode: 10 , total_reward_episode: -1 , reward: -0.272727
Go_To_Ball
2 <- action
STATE Vector of Size 33 -0.677787,0.389775,0.661111,-0.947956,0.232975,-1.000000,-0.641968,-0.603212,-0.912815,-0.499137,-0.914899,-0.915420,-0.525410,-0.662315,0.000000,0.000000,-0.783651,0.309492,2.000000,-0.844980,0.017112,1.000000,-0.426777,-0.145211,11.000000,-0.376467,-0.249854,7.000000,-0.194162,-0.254434,8.000000,-1.000000,1.000000,
STATE of Size 20 -0.677787,0.389775,0.661111,-0.947956,0.232975,-0.641968,-0.603212,-0.499137,-0.525410,-0.662315,-0.783651,0.309492,-0.844980,0.017112,-0.426777,-0.145211,-0.376467,-0.249854,-0.194162,-0.254434,
UNUM-1.000000

Defend_Goal
4 <- action
STATE Vector of Size 33 -0.031473,0.118741,0.155556,0.056564,0.228672,-1.000000,-0.402945,-0.944601,-0.888698,-0.872404,-0.890833,-0.913044,-0.820527,-0.341887,0.000000,0.000000,-0.085663,0.080444,2.000000,-0.753333,-0.016310,1.000000,0.101814,0.212939,7.000000,0.499786,-0.206864,8.000000,0.483632,-0.226788,11.000000,1.000000,0.703750,
STATE of Size 20 -0.031473,0.118741,0.155556,0.056564,0.228672,-0.402945,-0.944601,-0.872404,-0.820527,-0.341887,-0.085663,0.080444,-0.753333,-0.016310,0.101814,0.212939,0.499786,-0.206864,0.483632,-0.226788,
UNUM-1.000000

Go_To_Ball
2 <- action
STATE Vector of Size 33 -0.656848,0.108788,0.861111,-0.539212,0.532780,-1.000000,-0.839617,-0.798892,-0.935856,-0.620739,-0.941957,-0.883780,-0.644912,-0.948970,0.000000,-0.556659,-0.799210,0.187348,1.000000,0.068811,-0.008656,2.000000,-0.543858,0.533850,7.000000,-0.093333,0.118449,11.000000,0.007465,-0.036320,8.000000,1.000000,0.513370,
STATE of Size 20 -0.656848,0.108788,0.861111,-0.539212,0.532780,-0.839617,-0.798892,-0.620739,-0.644912,-0.948970,-0.799210,0.187348,0.068811,-0.008656,-0.543858,0.533850,-0.093333,0.118449,0.007465,-0.036320,
UNUM-1.000000

episode: 11 , total_reward_episode: -1 , reward: -0.333333
